errors <-
structure(c(9.48692353919256e-06, 1.07050741605108e-05, 6.50891401619662e-06, 
2.01413745585105e-05, 1.74026398037756e-05, 2.13068754071955e-05, 
5.53728176415635e-05, 3.58755485043161e-05, 7.89010219880495e-06, 
2.39776623958687e-07), .Dim = c(10L, 1L))
